==> 2836258_0_0_2017_11_02_00.10.09.csv <==
153195352,1.7578
153214644,1.8359
153233960,1.2109
153253264,1.6992
153272572,1.25
153291876,1.1719
153311176,1.2598
153330472,1.2646
153349784,1.2646
153369080,1.1719

==> 2836258_0_1_2017_11_02_00.10.09.csv <==
153196500,0.918
153215792,1.25
153235104,1.1719
153254408,1.2305
153273716,1.543
153293020,1.2109
153312320,0.9766
153331616,1.1328
153350928,1.2109
153370232,1.1328

==> 2836258_0_2_2017_11_02_00.10.09.csv <==
153197644,2.5
153216936,2.5
153236248,2.5
153255560,2.5
153274864,2.5
153294164,2.5
153313464,2.5
153332760,2.5
153352072,2.5
153371376,2.5

==> 2836258_0_3_2017_11_02_00.10.09.csv <==
153198268,2.5
153217560,2.5
153236868,2.5
153256176,2.5
153275484,2.5
153294788,2.5
153314088,2.5
153333384,2.5
153352688,2.5
153371992,2.5

==> 2836258_0_4_2017_11_02_00.10.09.csv <==
153198884,2.5
153218176,2.5
153237488,2.5
153256796,2.5
153276108,2.5
153295408,2.5
153314704,2.5
153334000,2.5
153353312,2.5
153372616,2.5

==> 2836258_0_5_2017_11_02_00.10.09.csv <==
153199504,1.2109
153218796,1.25
153238112,1.0547
153257412,0.918
153276724,1.0938
153296028,1.0156
153315328,1.0156
153334624,1.0547
153353936,1.0156
153373236,1.0547

==> 2836258_0_6_2017_11_02_00.10.09.csv <==
153180816,1.7188
153200124,1.7578
153219416,1.8359
153238728,1.2598
153258036,1.2646
153277348,1.2598
153296648,1.25
153315948,1.2598
153335240,1.2598
153354552,1.2598

==> 2836258_0_7_2017_11_02_00.10.09.csv <==
153181436,2.5
153200744,2.5
153220040,2.5
153239352,2.5
153258660,2.5
153277964,2.5
153297268,2.5
153316568,2.5
153335864,2.5
153355176,2.5

==> 2836258_1_0_2017_11_02_00.10.09.csv <==
153182072,1.2305
153201384,1.25
153220676,1.2598
153239984,2.5
153259292,2.5
153278600,2.5
153297904,2.5
153317204,2.5
153336500,2.5
153355812,2.5

==> 2836258_1_1_2017_11_02_00.10.09.csv <==
153183204,1.8555
153202516,1.8359
153221808,1.8359
153241120,1.2646
153260424,1.2598
153279736,1.2646
153299036,1.2646
153318336,1.2598
153337632,1.25
153356944,1.2598

==> 2836258_1_2_2017_11_02_00.10.09.csv <==
153184336,1.25
153203652,1.2305
153222944,1.25
153242256,1.0938
153261560,2.5
153280868,2.5
153300172,2.5
153319472,2.5
153338764,2.5
153358080,2.5

==> 2836258_1_3_2017_11_02_00.10.09.csv <==
153184956,1.8555
153204268,1.7188
153223556,1.8555
153242868,1.2598
153262176,1.2646
153281484,1.2598
153300788,1.2598
153320088,1.2646
153339376,1.2646
153358688,1.2598

==> 2836258_1_4_2017_11_02_00.10.09.csv <==
153185568,1.2598
153204880,1.2305
153224172,1.2598
153243484,1.0156
153262792,1.2305
153282104,1.2109
153301400,0.8984
153320700,1.1523
153339996,1.0938
153359308,1.0938

==> 2836258_1_5_2017_11_02_00.10.09.csv <==
153186184,1.8555
153205496,1.8359
153224788,1.5625
153244096,1.2646
153263404,1.2646
153282716,1.2598
153302016,1.2598
153321316,1.25
153340612,1.2646
153359924,1.2646

==> 2836258_1_6_2017_11_02_00.10.09.csv <==
153186796,2.5
153206108,2.5
153225400,2.5
153244712,2.5
153264024,2.5
153283332,2.5
153302636,2.5
153321928,2.5
153341224,2.5
153360536,2.5

==> 2836258_1_7_2017_11_02_00.10.09.csv <==
153187416,2.5
153206724,2.5
153226020,2.5
153245332,2.5
153264632,2.5
153283944,2.5
153303244,2.5
153322544,2.5
153341840,2.5
153361152,2.5

==> 2836258_2_0_2017_11_02_00.10.09.csv <==
153188044,-2.0
153207356,-1.0
153226644,-1.0
153245956,-1.0
153265264,-1.0
153284576,-1.0
153303876,-1.0
153323176,-1.0
153342468,-1.0
153361780,-1.0

==> 2836258_2_1_2017_11_02_00.10.09.csv <==
153188248,1.0
153207556,1.0
153226852,1.0
153246156,1.0
153265464,1.0
153284776,1.0
153304080,1.0
153323376,1.0
153342672,1.0
153361984,1.0

==> 2836258_2_2_2017_11_02_00.10.09.csv <==
153188448,29.0
153207756,29.0
153227052,29.0
153246364,29.0
153265668,29.0
153284976,29.0
153304280,29.0
153323576,29.0
153342872,29.0
153362188,29.0

==> 2836258_3_0_2017_11_02_00.10.09.csv <==
153188660,450.0
153207972,423.0
153227264,395.0
153246576,408.0
153265884,396.0
153285196,402.0
153304492,371.0
153323792,404.0
153343088,381.0
153362400,420.0

==> 2836258_3_1_2017_11_02_00.10.09.csv <==
153189776,424.0
153209076,530.0
153228376,401.0
153247684,447.0
153266996,947.0
153286300,395.0
153305600,555.0
153324900,613.0
153344200,603.0
153363508,351.0

==> 2836258_3_2_2017_11_02_00.10.09.csv <==
153190888,17098.0
153210188,16710.0
153229492,16839.0
153248796,16740.0
153268108,16706.0
153287412,16775.0
153306712,17072.0
153326008,16908.0
153345316,16723.0
153364620,16756.0

==> 2836258_4_0_2017_11_02_00.10.09.csv <==
153192016,-891.0
153211308,-708.0
153230616,-729.0
153249916,-802.0
153269228,-974.0
153288536,-567.0
153307828,-769.0
153327136,-661.0
153346436,-810.0
153365740,-937.0

==> 2836258_4_1_2017_11_02_00.10.09.csv <==
153193124,643.0
153212416,558.0
153231724,666.0
153251028,426.0
153270340,442.0
153289644,731.0
153308944,754.0
153328240,622.0
153347544,619.0
153366852,641.0

==> 2836258_4_2_2017_11_02_00.10.09.csv <==
153194236,17084.0
153213528,17113.0
153232836,16950.0
153252140,16615.0
153271448,16793.0
153290756,16980.0
153310056,16927.0
153329352,16846.0
153348660,16797.0
153367960,16982.0
